100
29626
2327
13946
24940
20044
31133
7247
30469
10696
6964
22368
1505
20138
20762
22720
11689
21666
16993
17817
23501
17866
8830
708
17640
14755
30351
24105
2290
9173
25456
29148
28200
21155
20604
7412
24251
22831
27427
11819
5434
24947
22320
7223
9153
8699
6103
26603
16863
29540
32130
1036
3400
16789
9304
24308
10560
21695
20369
27113
26818
11797
11645
14907
28530
29771
20557
8223
30025
11216
26536
20302
6394
14028
1774
30045
27943
22744
1098
23003
11333
14976
15482
25644
16207
10362
18270
9000
814
2723
26946
12915
30947
20157
19691
6554
19578
17130
21091
243
24239
